array( 0.65932219,
         0.64859022,
         0.65932219,

        0.64859022,
         0.64859022,
         0.63517527,

        0.63517527,
         0.68078611,
         0.64859022,

        0.65932219,
         0.63517527,
         0.67005415,

        0.65932219,
         0.63517527,
         0.64859022,

        0.65932219,
         0.64859022,
         0.63517527,

        0.68883509,
         0.63517527,
         0.6244433 ,

        0.64859022,
         0.65932219,
         0.6244433 ,

        0.64859022,
         0.64859022,
         0.64859022,

        0.64859022,
         0.65932219,
         0.65932219,

        0.6244433 ,
         0.63517527,
         0.65932219,

        0.64859022,
         0.63517527,
         0.65932219,

        0.65932219,
         0.65932219,
         0.63517527,

        0.67005415,
         0.65932219,
         0.67005415,

        0.64859022,
         0.67005415,
         0.65932219,

        0.67005415,
         0.67005415,
         0.65932219,

        0.65932219,
         0.65932219,
         0.65932219,

        0.65932219,
         0.65932219,
         0.5949304 ,

        0.65932219,
         0.68078611,
         0.72103098,

        0.64859022,
         0.57346647,
         0.64859022,

        0.69956705,
         0.73176294,
         0.67005415,

        0.61907732,
         0.64859022,
         0.67005415,

        0.68078611,
         0.68078611,
         0.67005415,

        0.65932219,
         0.67005415,
         0.64859022,

        0.65932219,
         0.67005415,
         0.65932219,

        0.63517527,
         0.67005415,
         0.67005415,

        0.64859022,
         0.65932219,
         0.14881998,

        0.15272186,
         0.14881998,
         0.15272186,

        0.14881998,
         0.15272186,
         0.15272186,

        0.14881998,
         0.15272186,
         0.14881998,

        0.16052561,
         0.15272186,
         0.15272186,

        0.14881998,
         0.14881998,
         0.16052561,

        0.15272186,
         0.16052561,
         0.13906529,

        0.15272186,
         0.16052561,
         0.15272186,

        0.14881998,
         0.16832936,
         0.14881998,

        0.16052561,
         0.15272186,
         0.16052561,

        0.13906529,
         0.13906529,
         0.1858878 ,

        0.15272186,
         0.14881998,
         0.14881998,

        0.14881998,
         0.15272186,
         0.14881998,

        0.16052561,
         0.16052561,
         0.13906529,

        0.16052561,
         0.15272186,
         0.15272186,

        0.14881998,
         0.16052561,
         0.14881998,

        0.15272186,
         0.14881998,
         0.15272186,

        0.15272186,
         0.14881998,
         0.15272186,

        0.15272186,
         0.17808405,
         0.12345779,

        0.16052561,
         0.10980123,
         0.16832936,

        0.19369155,
         0.15272186,
         0.15272186,

        0.12345779,
         0.13906529,
         0.17808405,

        0.15272186,
         0.13906529,
         0.15272186,

        0.14881998,
         0.15272186,
         0.15272186,

        0.15272186,
         0.15272186,
         0.13906529,

        0.13906529,
         0.16832936,
         0.15272186,

        0.14881998,
         0.14881998,
         0.16052561,

        0.14881998,
        -0.17213028,
        -0.17213028,

       -0.15998593,
        -0.17213028,
        -0.13974529,

       -0.15188968,
        -0.15188968,
        -0.18427464,

       -0.15188968,
        -0.18427464,
        -0.15998593,

       -0.15998593,
        -0.18427464,
        -0.15998593,

       -0.15998593,
        -0.17213028,
        -0.17213028,

       -0.15998593,
        -0.17213028,
        -0.15188968,

       -0.15998593,
        -0.17213028,
        -0.12760093,

       -0.17213028,
        -0.15188968,
        -0.17213028,

       -0.15188968,
        -0.17213028,
        -0.17213028,

       -0.13974529,
        -0.15998593,
        -0.17213028,

       -0.15998593,
        -0.15998593,
        -0.15188968,

       -0.17213028,
        -0.15998593,
        -0.15998593,

       -0.17213028,
        -0.17213028,
        -0.15188968,

       -0.15188968,
        -0.18427464,
        -0.15998593,

       -0.18427464,
        -0.17213028,
        -0.17213028,

       -0.17213028,
        -0.17213028,
        -0.15998593,

       -0.18427464,
        -0.15998593,
        -0.19641903,

       -0.17213028,
        -0.21665966,
        -0.17213028,

       -0.09521596,
        -0.22880402,
        -0.17213028,

       -0.21665966,
        -0.17213028,
        -0.11545657,

       -0.17213028,
        -0.19641903,
        -0.18427464,

       -0.18427464,
        -0.15998593,
        -0.18427464,

       -0.17213028,
        -0.17213028,
        -0.17213028,

       -0.17213028,
        -0.19641903,
        -0.17213028,

       -0.17213028,
        -0.15998593,
        -0.15998593,

       -0.15998593,
        -0.15998593,
        -0.18427464)